Australia;30.5;8;13;17;23;39
Canada;32.6;7;13;17;23;40
Chile;52.1;4;7;12;19;58
China;42.1;6;10;14;22;48
Denmark;24;9;15;19;23;34
France;32.7;9;14;18;22;37
Germany;31;8;14;18;23;37
India;35;8;11;15;20;46
Indonesia;35.9;7;11;15;21;46
Italy;33;7;13;18;23;39
Japan;35.9;11;14;18;22;35
Korea;29;5;11;18;25;41
Netherlands;28;9;14;18;22;37
New Zealand;33;6;11;16;23;44
Norway;24;9;16;19;23;33
Spain;31;7;13;18;24;38
Sweden;23;10;15;19;23;33
Switzerland;31;8;13;17;22;40
Thailand;41;6;10;14;21;49
United Kingdom;35.8;8;13;17;23;39
United States;36;3;9;15;23;50